	N	C	T	G	IC	IT	IG	DC	DT	DG
N	0.96	0.02	1e-9	1e-9	1e-9	1e-9	1e-9	0.02	1e-9	1e-9
C	1e-9	0.0067	0.8566	0.0067	0.11	1e-9	1e-9	1e-9	0.02	1e-9
T	1e-9	0.0067	0.0067	0.8566	1e-9	0.11	1e-9	1e-9	1e-9	0.02
G	0.02	0.8366	0.0067	0.0067	1e-9	1e-9	0.11	0.02	1e-9	1e-9
IC	1e-9	0.0067	0.8566	0.0067	0.11	1e-9	1e-9	1e-9	0.02	1e-9
IT	1e-9	0.0067	0.0067	0.8566	1e-9	0.11	1e-9	1e-9	1e-9	0.02
IG	0.02	0.8366	0.0067	0.0067	1e-9	1e-9	0.11	0.02	1e-9	1e-9
DC	1e-9	0.0067	0.9666	0.0067	1e-9	1e-9	1e-9	1e-9	0.02	1e-9
DT	1e-9	0.0067	0.0067	0.9666	1e-9	1e-9	1e-9	1e-9	1e-9	0.02
DG	0.02	0.9466	0.0067	0.0067	1e-9	1e-9	1e-9	0.02	1e-9	1e-9
