23 35 23 34
30 66 30 64
61 82 60 80
15 82 15 81
22 65 22 64
40 69 39 67
22 77 22 75
52 62 51 61
36 84 35 82
44 69 43 67
20 54 20 53
50 60 49 59
66 75 65 73
70 76 68 75
62 82 60 80
37 73 36 71
44 74 43 72
32 71 32 69
14 56 14 55
12 77 12 75
41 48 40 47
35 74 34 72
33 56 33 55
17 54 17 53
17 58 17 57
22 58 22 57
16 48 16 47
38 56 37 55
21 84 21 82
54 70 53 69
43 44 43 43
52 63 51 62
49 70 48 68
16 51 16 50
21 68 21 66
57 60 57 63
22 52 22 51
14 18 14 18
27 74 27 72
39 74 38 72
13 18 13 18
37 61 36 60
56 73 55 71
40 70 39 68
29 54 29 53
78 79 77 77
62 74 61 72
12 14 12 14
19 33 19 33
19 21 19 21
25 48 25 47
27 81 27 79
20 70 20 68
19 49 19 48
59 81 58 79
47 61 46 59
26 61 26 59
33 43 33 42
63 71 62 69
23 75 23 74
42 67 41 65
16 17 16 16
51 64 50 63
31 74 31 72
50 78 49 76
38 47 37 46
47 75 46 73
46 57 45 55
52 74 51 71
30 49 30 48
19 30 19 30
36 54 35 53
17 65 17 63
76 83 74 81
13 31 13 31
34 77 33 75
28 77 28 75
18 73 18 72
17 70 17 68
19 35 19 34
19 64 19 63
28 43 28 42
49 68 48 66
46 85 45 83
26 81 26 79
28 57 28 56
39 72 38 70
20 49 20 48
44 83 43 81
14 58 14 57
31 41 31 41
28 41 28 40
37 76 36 74
43 56 42 55
31 73 31 71
50 84 49 82
39 57 38 56
23 27 23 27
15 61 15 60
26 81 26 79
