23 35 23 34
64 81 63 79
51 64 50 63
68 71 67 67
30 81 30 79
24 65 24 64
40 68 39 66
22 35 22 34
15 16 15 19
21 67 21 65
47 51 47 50
63 64 62 62
26 72 26 70
56 82 55 80
51 78 50 76
27 33 27 33
29 83 29 81
68 81 66 79
61 82 60 80
49 68 48 66
16 27 16 27
34 44 33 43
72 74 71 71
26 30 26 30
31 60 31 59
52 58 51 57
23 24 23 23
20 73 20 71
22 83 22 81
12 29 12 29
13 17 13 17
47 83 46 81
15 75 15 74
38 40 38 38
64 70 63 68
56 70 55 68
13 21 13 21
19 41 19 40
13 31 13 31
36 41 35 40
34 48 33 47
12 71 12 69
32 73 32 71
12 46 12 45
20 64 20 63
36 72 35 70
33 73 33 71
47 69 46 67
24 47 24 46
31 39 31 38
43 80 42 78
63 85 62 83
50 82 49 80
46 63 45 62
18 48 18 47
23 49 23 48
29 74 29 72
12 82 12 80
46 66 45 65
14 27 14 27
51 72 50 70
29 59 29 58
32 61 32 60
43 45 43 43
29 33 29 33
60 74 59 72
27 58 27 57
31 41 31 40
39 81 38 79
73 84 71 81
24 27 24 27
42 80 41 78
16 40 16 39
49 66 48 65
75 83 73 81
49 56 48 55
59 73 58 71
39 46 38 45
19 56 19 55
46 64 46 63
26 47 26 46
63 63 62 62
23 24 23 27
35 74 34 72
51 77 50 75
71 71 69 69
31 60 31 59
55 79 54 77
31 81 31 79
28 57 28 56
26 50 26 49
38 47 37 46
26 56 26 55
15 16 15 19
31 54 31 53
78 85 76 83
13 17 13 17
31 82 31 80
25 63 25 62
16 73 16 71
