23 35 23 34
46 50 45 49
22 35 22 34
70 73 69 71
41 70 40 68
27 70 27 69
62 77 61 76
27 59 27 58
31 64 31 63
12 74 12 72
32 36 32 35
29 49 29 48
54 85 53 83
16 80 16 78
75 84 74 81
59 71 57 69
43 49 42 48
14 52 14 51
35 70 34 68
53 57 52 56
17 36 17 35
69 79 67 77
47 57 46 56
15 20 15 20
31 42 31 41
77 84 75 82
15 63 15 61
46 63 45 62
40 63 39 62
61 78 60 76
14 51 14 50
30 57 30 56
22 29 22 29
57 68 56 66
22 66 22 65
65 82 64 80
46 60 45 59
56 64 55 63
36 70 35 68
61 63 61 61
16 54 16 53
71 84 69 81
28 64 28 63
24 58 24 57
21 83 21 81
62 83 61 81
33 80 33 78
12 67 12 65
20 79 20 77
30 48 30 47
44 76 43 75
76 85 74 82
54 83 53 82
78 83 76 76
13 77 13 75
22 85 22 83
36 47 35 46
43 50 42 49
31 69 31 67
48 76 47 74
13 53 13 52
62 71 61 70
21 32 21 32
37 76 36 74
12 57 12 56
80 82 79 79
23 28 23 28
33 68 33 66
48 61 47 60
70 80 68 78
16 26 16 26
73 79 71 77
75 78 73 76
16 76 16 74
29 49 29 48
77 79 76 76
24 74 24 72
30 32 30 32
17 83 17 81
37 57 36 56
76 81 74 79
32 85 32 83
17 72 17 70
19 60 19 59
42 70 41 68
71 82 69 81
41 65 40 63
12 30 12 30
12 21 12 21
20 66 20 65
37 37 36 40
37 44 36 43
35 41 34 40
16 85 16 83
24 41 24 40
59 71 58 69
70 81 68 80
33 67 33 65
16 53 16 52
39 60 39 59
