23 35 23 34
13 18 13 18
45 56 44 55
25 42 25 41
15 44 15 43
21 43 21 42
20 53 20 52
20 71 20 69
41 72 40 70
48 63 47 62
24 64 24 63
22 75 22 73
49 50 48 48
17 31 17 31
22 23 22 26
42 74 41 72
48 61 47 60
45 56 44 55
36 39 35 38
70 74 68 72
22 75 22 73
53 74 52 72
32 47 32 46
28 62 28 61
36 62 35 61
19 29 19 29
38 81 37 79
47 64 46 63
67 77 65 75
50 82 49 80
76 84 74 82
44 76 43 74
33 45 33 44
28 85 28 83
44 50 43 49
15 40 15 39
23 40 23 39
19 76 19 74
55 80 54 78
19 72 19 70
30 80 30 78
49 79 48 77
64 68 63 66
36 70 35 68
61 83 60 81
66 70 65 69
27 54 27 53
23 37 23 36
35 61 34 60
51 56 50 55
58 63 57 62
19 25 19 25
55 61 53 60
30 30 30 33
31 45 31 44
19 62 19 61
39 70 38 68
24 65 24 64
19 48 19 47
51 59 50 58
48 77 47 75
18 19 18 22
41 78 40 76
14 19 14 19
67 85 65 83
50 83 48 81
60 74 59 72
24 72 24 70
53 54 52 52
39 67 38 65
25 40 25 39
25 27 25 27
46 62 45 61
30 73 30 71
13 49 13 48
54 64 53 63
15 42 15 41
15 41 15 40
67 85 65 83
74 85 72 82
51 69 50 67
19 33 19 33
13 57 13 56
17 73 17 71
18 64 18 62
14 21 14 21
62 72 61 70
13 39 13 38
37 71 36 69
44 72 43 70
28 76 28 74
12 84 12 82
54 64 53 63
36 40 35 39
34 37 33 36
33 38 33 37
23 25 23 25
35 48 34 47
54 54 53 53
16 72 16 70
