23 35 23 34
23 61 23 60
38 38 37 41
25 59 25 58
34 43 33 42
20 43 20 42
77 81 75 79
45 45 44 48
24 60 24 59
30 47 30 46
17 78 17 76
15 83 15 81
50 82 49 80
82 84 81 81
20 58 20 57
62 84 61 82
51 67 50 65
60 74 59 72
14 57 14 56
16 26 16 26
20 52 20 51
57 58 56 56
14 85 14 83
21 59 21 58
19 25 19 25
30 63 30 62
18 28 18 28
44 61 43 60
23 61 23 60
46 63 45 62
47 74 46 72
12 36 12 35
37 42 36 41
33 77 33 75
20 83 20 81
23 62 23 61
38 75 37 73
43 84 42 82
18 81 18 79
12 62 12 61
51 80 50 78
51 57 50 56
22 48 22 47
35 62 34 61
26 49 26 48
41 57 40 56
25 29 25 29
69 79 67 77
30 32 30 32
21 75 21 73
16 34 16 33
72 76 70 74
70 79 68 77
19 44 19 43
23 64 23 63
81 83 80 80
26 83 26 81
58 63 57 62
75 83 73 81
39 58 38 57
39 82 38 80
65 72 64 70
23 32 23 32
20 66 20 65
16 35 16 34
19 57 19 56
26 67 26 65
21 34 21 33
19 67 19 65
27 31 27 31
37 67 36 65
14 25 14 25
13 32 13 32
55 61 54 60
56 82 55 80
19 74 19 72
56 64 55 63
30 69 30 67
18 55 18 53
27 52 27 51
15 68 15 66
54 74 53 72
41 42 41 41
15 78 15 76
27 70 27 68
42 69 41 67
63 64 62 62
72 76 70 74
40 77 39 75
32 41 32 40
19 20 19 19
29 30 29 33
20 70 20 68
44 62 43 61
34 54 33 53
14 60 14 59
37 45 36 44
61 81 60 79
37 44 36 43
28 53 28 52
