23 35 23 34
72 75 71 73
59 66 58 65
12 30 12 30
34 75 33 73
39 45 38 44
36 46 35 45
34 35 34 34
59 85 58 83
15 30 15 30
32 69 32 67
32 65 32 64
21 76 21 74
34 37 33 36
51 56 50 55
37 84 36 82
52 75 51 73
64 65 63 63
58 85 57 83
72 80 70 78
32 84 32 82
33 42 33 41
39 56 38 55
13 76 13 74
63 78 62 76
43 65 42 64
18 33 18 33
47 67 46 65
18 50 18 49
51 75 50 73
38 63 37 62
47 53 46 52
63 65 63 63
33 61 33 60
54 85 53 83
33 53 33 52
22 62 22 61
25 50 25 49
17 20 17 20
37 61 36 60
17 20 17 20
49 78 48 76
29 38 29 37
20 29 20 29
21 52 21 51
22 78 22 76
43 75 42 73
13 50 13 49
20 29 20 29
41 53 40 52
34 59 33 58
20 66 20 65
25 73 25 71
35 48 34 47
73 78 71 76
55 56 54 54
31 75 31 73
21 56 21 55
16 21 16 21
35 62 34 61
25 69 25 67
22 75 22 73
37 48 36 47
15 53 15 52
29 30 29 33
35 50 34 49
14 59 14 58
17 52 17 51
43 84 42 81
27 82 27 80
13 48 13 47
27 82 27 80
27 70 27 68
31 42 31 41
20 41 20 40
50 62 49 61
16 67 16 65
38 82 37 80
47 73 46 71
33 55 33 54
32 77 32 75
49 56 48 55
22 76 22 74
13 29 13 29
17 30 17 30
26 63 26 62
57 81 56 79
17 47 17 46
22 80 22 78
48 58 47 57
20 30 20 30
16 68 16 66
70 84 68 82
15 42 15 41
53 67 52 65
21 77 21 75
21 85 21 83
14 34 14 33
31 46 31 45
16 46 16 45
