23 35 23 34
38 62 37 61
47 65 46 64
12 63 12 62
21 29 21 29
23 58 23 57
30 75 30 73
29 85 29 83
12 66 12 65
34 84 33 82
36 79 35 77
32 84 32 81
40 71 39 69
38 83 37 81
37 62 36 61
73 78 71 76
51 62 50 61
49 69 48 67
18 23 18 23
70 74 68 72
40 49 39 48
38 79 37 77
21 31 21 31
44 48 43 47
19 85 19 83
39 61 38 60
38 44 37 43
14 33 14 33
32 42 32 41
42 68 41 66
14 30 14 30
70 71 69 69
56 76 55 74
71 72 70 70
17 22 17 22
26 71 26 69
26 33 26 33
16 62 16 61
26 35 26 34
36 53 35 52
12 19 12 19
26 38 26 37
27 38 27 37
68 84 66 82
31 60 31 59
35 44 34 43
13 41 13 40
13 31 13 31
23 55 23 54
74 74 72 72
29 61 29 60
40 79 39 77
45 82 44 80
34 36 34 34
47 52 46 51
21 29 21 29
25 47 25 46
70 81 68 79
16 28 16 28
42 62 41 61
57 72 56 70
64 68 63 66
37 47 36 46
23 34 23 33
50 71 49 69
70 74 68 72
26 50 26 49
26 28 26 31
30 45 30 44
28 28 28 31
16 27 16 27
64 79 63 77
38 56 37 55
43 48 42 47
27 72 27 70
49 67 48 65
71 76 69 74
12 59 12 58
48 56 47 55
14 26 14 26
40 45 39 44
61 74 60 72
28 58 28 57
18 32 18 32
52 82 51 80
52 85 51 83
18 47 18 46
13 33 13 33
45 45 44 48
20 20 20 23
21 29 21 29
36 77 35 75
40 84 39 82
54 66 53 65
33 38 33 37
30 79 30 77
20 24 20 24
47 77 46 75
40 67 39 65
40 83 39 81
