23 35 23 34
50 55 49 54
29 70 29 68
14 51 14 50
53 80 52 78
28 37 28 36
65 72 64 70
63 78 62 76
43 74 42 72
58 76 57 74
24 57 24 56
54 78 53 76
43 61 42 60
38 53 37 52
39 69 38 67
47 52 46 51
49 53 48 52
63 74 62 72
27 79 27 77
32 39 32 38
47 57 46 56
16 52 16 51
15 21 15 21
48 53 47 52
52 76 51 74
16 70 16 68
49 71 48 69
48 72 47 70
18 22 18 22
41 60 40 59
64 69 63 67
15 70 15 68
61 69 60 67
20 41 20 40
54 56 54 54
34 71 33 69
30 34 30 33
45 71 44 69
32 56 32 55
13 70 13 68
13 49 13 48
45 49 44 48
15 23 15 23
66 79 65 77
20 36 20 35
36 40 35 39
13 79 13 77
25 74 25 72
51 55 50 54
46 50 45 49
24 63 24 62
51 63 50 62
24 55 24 54
48 80 47 78
26 29 26 29
19 48 19 47
43 45 43 43
64 67 63 63
40 73 39 71
16 74 16 72
41 51 40 50
26 55 26 54
22 34 22 33
28 65 28 64
63 75 62 73
45 58 44 57
36 40 35 39
37 75 36 73
18 58 18 57
45 75 44 73
46 61 45 60
31 46 31 45
16 46 16 45
18 40 18 39
54 81 53 79
33 50 33 49
37 65 36 64
44 69 43 67
71 73 70 70
49 74 48 72
44 64 43 62
35 75 34 73
17 51 17 50
62 78 61 76
17 79 17 77
62 84 61 82
23 39 23 38
65 74 64 72
15 56 15 55
53 68 52 66
59 72 58 70
12 70 12 68
39 53 38 52
15 51 15 50
22 70 22 68
27 36 27 35
19 20 19 23
41 68 40 66
47 53 46 52
40 43 39 42
