23 35 23 34
13 32 13 32
65 65 64 64
67 69 66 66
17 49 17 48
17 60 17 59
32 67 32 65
66 69 66 66
19 72 19 70
54 73 53 71
54 64 53 63
14 33 14 33
51 52 50 50
66 73 65 71
25 45 25 44
22 33 22 33
50 66 49 65
13 75 13 73
16 25 16 25
34 68 33 66
21 37 21 36
15 16 15 19
68 72 66 70
47 81 46 79
46 84 45 82
24 31 24 31
47 63 46 62
41 80 40 78
59 62 58 61
42 79 41 77
44 83 43 81
47 56 46 55
30 73 30 71
41 62 40 61
63 80 62 78
43 73 42 71
33 84 33 82
33 63 33 62
15 44 15 43
73 84 71 82
40 76 39 74
28 56 28 55
24 75 24 73
57 84 56 81
19 51 19 49
29 84 29 82
22 67 22 65
41 68 40 66
16 17 16 20
65 71 64 69
30 54 30 52
15 33 15 33
18 50 18 49
62 82 61 80
46 49 45 48
85 85 82 82
65 79 64 77
20 63 20 62
19 55 19 54
26 53 26 52
36 40 35 39
78 79 77 77
19 41 19 40
53 59 52 58
14 62 14 61
17 33 17 33
47 82 46 80
24 79 24 77
13 60 13 59
37 46 36 45
22 64 22 63
75 81 73 79
26 61 26 60
35 46 34 45
24 79 24 77
44 79 43 77
43 74 42 72
27 55 27 54
75 85 73 82
22 72 22 70
56 73 54 71
14 29 14 29
38 64 37 63
55 57 54 54
46 68 45 66
31 50 31 49
12 14 12 14
21 54 21 53
26 81 26 79
13 45 13 44
19 56 19 55
51 63 50 62
35 46 34 45
14 67 14 65
38 65 37 64
15 54 15 53
35 83 34 81
59 70 58 68
64 75 63 73
68 70 67 67
