23 35 23 34
25 84 25 81
31 43 31 42
37 60 36 58
22 75 22 73
35 85 35 83
32 74 32 72
16 78 16 76
36 50 35 49
16 21 16 21
17 51 17 50
13 42 13 41
13 67 13 66
44 82 44 81
25 57 24 55
27 80 27 78
30 59 30 57
62 70 60 68
67 74 65 71
67 78 65 76
36 69 35 68
35 69 34 68
20 57 20 56
55 66 53 64
62 81 60 80
30 46 30 45
46 75 45 73
59 83 57 81
74 82 72 80
27 34 27 33
16 81 16 79
71 82 69 80
54 83 54 81
30 72 30 70
70 75 69 74
20 47 20 46
54 82 53 81
44 83 43 81
15 65 15 64
35 65 34 64
28 75 28 73
28 54 28 53
59 63 58 62
25 41 25 40
24 36 23 35
16 73 16 72
84 84 81 83
31 47 31 46
15 75 15 73
62 75 61 61
23 78 23 77
33 52 33 51
59 75 58 73
12 45 12 44
19 81 19 80
53 70 52 69
36 53 35 52
52 58 51 56
34 43 33 42
12 56 12 54
58 68 57 66
14 72 14 71
70 79 68 77
23 36 23 35
50 81 48 78
12 80 12 77
60 79 58 78
18 42 18 41
25 47 25 47
15 72 15 70
16 47 16 46
35 82 34 80
30 71 30 70
16 56 16 55
23 40 23 39
53 85 52 83
37 81 36 80
61 84 59 81
16 34 16 32
30 67 30 66
42 52 41 51
75 85 73 84
20 66 20 65
67 77 65 75
35 36 34 34
75 82 73 79
58 80 57 78
21 38 21 38
66 80 64 78
54 85 53 83
54 57 52 56
45 81 44 79
21 43 21 42
28 31 28 30
14 40 14 39
24 48 24 47
33 73 33 71
17 31 17 31
63 70 62 69
54 62 52 61
