23 35 23 34
21 59 21 58
43 66 42 65
20 39 20 38
18 29 18 29
15 34 15 33
48 50 48 48
14 54 14 53
34 39 33 38
19 73 19 71
27 80 27 78
17 47 17 46
63 82 62 80
30 74 30 72
37 41 36 40
72 76 70 74
62 84 60 82
40 83 39 81
20 55 20 54
54 83 53 81
17 54 17 53
63 76 62 74
26 49 26 48
29 77 29 75
12 31 12 31
60 81 59 79
23 33 23 33
16 76 16 74
21 65 21 64
35 41 34 40
19 19 19 23
18 30 18 30
23 49 23 48
22 49 22 48
35 67 34 65
77 80 76 78
76 79 75 75
43 78 42 76
39 57 38 56
61 71 60 69
34 42 33 41
66 83 65 81
28 29 28 32
13 64 13 63
27 46 27 45
17 23 17 23
25 33 25 33
31 56 31 55
40 51 39 50
35 61 34 60
52 82 51 80
13 42 13 41
50 58 49 57
28 44 28 43
20 46 20 45
17 19 17 17
45 71 44 69
36 67 35 65
67 72 65 70
46 74 45 72
20 55 20 54
14 72 14 70
50 54 49 53
22 22 22 25
32 44 32 43
15 63 15 62
13 38 13 37
19 67 19 65
62 70 61 68
23 63 23 62
37 69 36 67
39 44 38 43
48 82 47 80
33 52 33 51
49 74 48 72
45 69 44 67
35 70 34 68
19 41 19 40
63 74 62 72
15 73 15 71
13 69 13 67
56 65 55 64
37 42 36 41
24 35 24 34
52 71 51 69
55 62 54 61
30 64 30 63
51 76 50 74
58 66 56 65
30 65 30 64
21 31 21 31
37 79 36 77
26 63 26 62
21 24 21 24
21 23 21 23
23 48 23 47
16 25 16 25
12 83 12 81
25 71 25 69
12 83 12 81
