23 35 22 34
29 60 29 59
27 41 27 40
15 58 15 57
43 79 42 77
50 55 49 53
42 52 42 51
73 77 72 75
13 51 13 50
48 72 47 70
12 85 12 82
42 82 41 80
29 72 29 70
19 47 19 46
31 70 31 68
30 62 30 61
23 55 23 54
13 32 13 32
21 24 21 24
71 83 70 81
35 68 34 66
30 46 30 45
24 67 24 64
41 75 40 74
12 65 12 63
51 53 50 50
42 57 41 55
49 71 48 70
68 78 67 77
57 61 55 60
39 82 38 80
22 32 22 32
32 42 32 41
78 80 77 79
18 82 18 79
12 49 12 48
51 70 49 68
22 82 22 80
12 26 12 25
34 79 33 76
50 63 49 61
55 84 55 82
30 40 30 39
51 74 50 71
43 47 42 47
51 72 49 71
13 50 13 49
55 57 54 56
14 42 14 42
16 71 16 70
29 43 29 41
43 58 42 57
54 69 53 67
26 55 26 54
72 75 64 72
50 70 49 67
41 49 40 49
32 80 32 77
30 76 30 74
38 84 37 81
14 56 14 54
17 69 17 67
54 85 53 81
44 50 44 48
48 68 47 66
31 45 31 44
43 60 43 58
34 40 34 39
46 66 45 64
17 82 17 80
53 82 52 80
27 56 27 54
25 69 25 68
52 63 51 62
38 56 37 54
46 60 46 59
62 70 61 68
70 71 69 69
18 65 18 64
24 54 24 53
53 80 51 78
28 35 28 34
24 81 24 79
31 34 31 34
38 85 37 82
47 63 46 62
12 78 12 76
45 47 45 45
37 45 36 44
14 28 14 28
27 45 27 44
75 76 73 75
28 74 28 71
20 32 20 32
50 71 49 69
36 59 35 59
53 76 52 75
25 73 25 72
34 43 33 42
55 69 54 68
