23 35 23 34
30 49 30 48
16 17 16 20
53 67 52 65
38 41 37 40
40 49 39 48
27 28 27 31
12 27 12 27
36 60 35 59
35 62 34 61
58 73 57 71
25 60 25 59
16 25 16 25
31 52 31 51
19 61 19 60
80 82 79 79
15 74 15 72
40 54 39 53
46 72 45 70
25 45 25 44
14 45 14 44
16 77 16 75
31 54 31 53
49 70 48 68
57 67 56 65
14 48 14 47
18 29 18 29
40 57 39 56
29 51 29 50
63 75 62 73
54 59 53 58
43 71 42 69
44 62 43 61
24 70 24 68
70 85 68 83
53 61 52 60
39 52 38 51
22 25 22 25
18 59 18 58
40 82 39 80
31 73 31 71
31 34 31 33
38 78 37 76
80 82 79 79
19 55 19 54
16 65 16 64
16 47 16 46
51 52 50 50
57 65 56 64
27 58 27 57
30 49 30 48
25 59 25 58
66 74 65 72
19 79 19 77
14 65 14 64
66 73 65 71
41 76 40 74
59 85 58 83
54 81 53 79
37 46 36 45
79 83 77 81
37 79 36 77
51 62 50 61
27 36 27 35
59 66 58 65
41 52 40 51
38 70 37 68
17 47 17 46
49 84 48 82
62 70 61 68
63 79 62 77
50 55 49 54
50 80 49 78
18 62 18 61
56 63 55 62
20 59 20 58
61 74 60 72
18 52 18 51
60 80 59 78
52 64 51 63
21 55 21 54
33 50 33 49
23 55 23 54
14 52 14 51
18 59 18 58
37 73 36 71
60 80 59 78
28 48 28 47
20 24 20 24
47 60 46 59
31 57 31 56
61 71 60 69
48 84 47 82
35 73 34 71
24 42 24 41
16 46 16 45
26 63 26 62
25 73 25 71
26 74 26 72
71 77 69 75
