23 35 23 34
21 52 21 51
28 40 28 39
25 85 25 83
58 68 57 66
66 84 65 82
16 59 16 58
51 72 50 70
27 41 27 40
43 73 42 71
38 42 37 41
32 46 32 45
61 72 60 70
23 83 23 81
29 82 29 80
25 47 25 46
23 36 23 35
29 61 29 60
79 81 78 78
36 70 35 68
51 70 50 68
14 52 14 51
34 59 33 58
33 69 33 67
13 56 13 55
51 59 50 58
18 68 18 66
47 72 46 70
36 79 35 77
31 75 31 73
17 57 17 56
48 85 47 83
12 55 12 54
41 78 40 76
36 85 35 83
40 78 39 76
16 69 16 67
68 81 66 79
47 57 46 56
50 70 49 68
30 55 30 54
58 68 57 66
22 50 22 49
27 43 27 42
36 52 35 51
16 75 16 73
48 63 47 62
35 47 34 46
19 30 19 30
14 40 14 39
55 56 54 54
26 61 26 60
29 55 29 54
19 84 19 82
17 76 17 74
50 80 49 78
22 43 22 42
61 74 60 72
27 54 27 53
16 71 16 69
38 78 37 76
40 41 40 40
40 56 39 55
23 27 23 27
39 45 38 44
66 73 65 71
29 35 29 34
55 65 54 64
40 78 39 76
42 53 41 52
22 23 22 26
49 69 48 67
20 80 20 78
13 49 13 48
23 84 23 82
25 44 25 43
58 75 57 73
44 76 43 74
30 78 30 76
27 46 27 45
51 73 50 71
18 33 18 33
32 70 32 68
39 69 38 67
40 44 39 43
50 68 49 66
19 60 19 59
27 72 27 70
39 49 38 48
26 57 26 56
52 63 51 62
19 44 19 43
36 48 35 47
20 71 20 69
49 55 48 54
38 44 37 43
50 81 49 79
55 76 54 74
43 68 42 66
28 76 28 74
