23 35 23 34
14 22 14 22
24 56 24 55
16 27 16 27
63 81 62 79
32 44 32 43
19 31 19 31
60 64 59 63
12 80 12 78
24 85 24 83
27 58 27 57
49 62 48 61
27 62 27 61
76 79 75 77
47 66 46 64
26 65 26 64
58 60 57 57
23 30 23 30
34 72 33 70
82 85 81 81
39 69 38 67
31 79 31 77
81 82 80 84
27 72 27 71
16 62 16 61
32 82 32 80
44 73 43 71
80 81 74 79
26 47 26 46
55 57 55 55
22 42 22 41
45 68 44 66
43 81 42 79
23 76 23 74
28 54 28 53
48 81 47 79
49 80 48 78
12 12 12 16
55 77 54 75
56 80 55 78
28 75 28 73
52 74 50 72
37 57 36 56
14 79 14 77
19 64 19 63
28 56 28 55
17 76 17 74
33 75 33 73
21 48 21 47
28 80 28 78
19 36 19 35
50 58 49 57
25 39 25 38
13 75 13 73
24 29 24 29
16 58 16 57
26 69 26 67
48 61 47 60
60 79 59 77
73 82 71 80
53 75 52 73
72 77 70 75
58 81 57 79
45 74 44 72
22 54 22 53
29 83 29 81
32 44 32 43
35 35 34 38
21 66 21 65
46 68 45 66
59 75 58 73
36 51 35 50
28 38 28 37
26 45 26 44
13 36 13 35
20 70 20 68
22 34 22 33
40 55 39 54
36 77 35 75
17 79 17 77
71 85 69 83
42 85 42 83
25 51 25 50
12 85 12 83
24 78 24 76
21 33 21 33
34 80 33 78
21 65 21 64
17 28 17 28
68 75 66 73
39 78 38 76
39 58 38 57
36 47 35 46
54 62 53 61
13 37 13 36
37 79 36 77
22 51 22 50
37 60 36 59
56 85 55 82
21 35 21 34
