23 35 23 34
72 82 70 80
20 30 20 30
46 53 45 52
25 61 25 60
22 47 22 46
36 63 35 62
38 79 37 77
21 33 21 33
60 63 60 60
61 62 60 65
30 60 30 59
18 31 18 31
51 81 50 79
30 68 30 66
38 80 37 78
29 61 29 60
19 50 19 49
41 45 40 44
25 40 25 40
32 37 32 36
13 20 13 20
19 80 19 78
25 79 25 77
59 62 58 61
44 76 43 74
31 59 31 58
19 84 19 82
58 79 57 77
29 60 29 59
21 63 21 62
44 59 43 58
16 17 16 16
57 57 55 55
56 64 55 62
28 44 28 44
61 70 59 68
21 63 21 62
53 84 52 82
38 80 37 78
34 77 33 75
73 75 72 72
69 70 68 68
21 83 21 81
52 62 51 61
21 55 21 53
32 47 32 46
37 52 36 51
32 33 32 36
62 75 61 74
12 76 12 75
13 48 13 47
17 55 17 54
47 60 46 59
15 85 15 83
59 67 58 65
18 30 18 30
56 75 54 73
19 80 19 78
36 75 35 73
37 85 37 83
14 81 14 79
47 79 46 77
32 40 32 39
38 62 37 61
21 35 21 34
24 54 24 53
63 78 61 76
30 38 30 37
65 77 64 75
18 41 18 40
35 82 34 80
15 54 15 53
37 67 36 65
57 61 56 60
41 74 40 72
27 31 27 31
23 45 23 44
13 73 13 71
36 43 35 42
32 38 32 37
19 70 19 68
53 66 52 65
57 62 55 61
71 83 69 81
71 72 70 70
39 78 38 76
17 39 17 38
16 42 16 41
30 38 30 37
43 61 42 59
68 83 66 81
25 75 25 73
81 81 79 79
31 82 31 80
25 78 25 77
19 31 19 31
44 84 43 82
27 71 27 69
22 56 22 55
