23 35 23 34
28 58 28 57
14 71 14 69
27 76 27 74
17 81 17 79
33 45 33 44
21 76 21 74
32 38 32 37
17 82 17 80
46 85 45 83
40 79 39 78
41 77 40 75
17 66 17 65
67 84 65 82
38 63 37 62
22 77 22 75
61 63 61 61
34 50 33 49
28 78 28 76
24 81 24 79
32 64 32 63
20 37 20 36
48 53 47 52
28 72 28 70
29 71 29 69
35 82 34 80
66 82 65 80
37 68 36 66
26 48 26 47
37 71 36 69
17 22 17 22
17 83 17 81
31 70 31 68
29 65 29 64
36 57 35 55
42 74 41 72
62 74 61 72
53 75 52 73
17 24 17 24
15 77 15 75
42 44 42 42
42 77 41 75
52 54 51 56
15 73 15 71
21 29 21 29
18 54 18 52
58 70 57 69
65 79 64 77
19 30 19 30
27 49 27 48
15 83 15 81
23 49 23 48
62 68 61 66
49 60 48 59
46 52 45 50
15 80 15 78
58 84 57 82
63 70 62 68
81 84 80 80
41 77 40 75
79 81 78 78
67 74 65 72
21 80 21 78
22 29 22 29
22 33 22 33
25 61 25 60
44 70 43 68
21 30 21 30
60 71 59 69
14 41 14 40
51 80 50 78
19 22 19 22
35 54 34 53
15 79 15 77
30 35 30 34
60 67 59 65
62 65 62 62
30 56 30 55
31 66 31 65
13 25 13 25
20 53 20 52
47 65 46 64
32 53 32 52
24 81 24 79
43 72 42 70
60 74 59 73
68 81 66 79
23 31 23 31
49 80 48 78
15 23 15 23
29 58 29 57
13 70 13 68
36 70 35 68
27 36 27 35
39 59 38 58
27 42 27 41
16 72 16 70
28 29 28 32
28 57 28 56
43 45 43 43
