23 35 23 34
39 49 38 48
13 60 13 59
16 68 16 66
20 75 20 73
12 15 12 15
28 73 28 71
62 81 61 79
59 84 58 82
25 62 25 61
37 60 36 59
15 28 15 28
37 75 36 73
78 79 77 77
22 25 22 25
35 77 34 75
23 59 23 58
61 79 60 77
27 75 27 73
44 54 43 53
51 65 50 64
14 17 14 17
63 82 62 80
13 73 13 71
23 31 23 31
29 32 29 32
40 78 39 76
57 82 56 80
27 56 27 55
62 74 61 72
25 36 25 35
23 65 23 64
42 71 41 69
26 85 26 83
33 65 33 64
14 51 14 50
38 80 37 78
38 67 37 65
12 49 12 48
22 54 22 53
20 55 20 54
45 54 44 53
47 73 46 71
14 17 14 17
79 79 77 77
16 20 16 20
30 47 30 46
25 38 25 37
55 63 54 62
19 67 19 65
12 40 12 39
56 83 55 81
36 84 35 81
16 43 16 42
32 37 32 36
20 40 20 39
48 69 47 67
57 71 56 69
21 36 21 35
13 50 13 49
25 76 25 74
24 54 24 53
35 54 34 53
53 77 52 75
25 37 25 36
23 76 23 74
18 66 18 65
32 62 32 61
55 72 54 70
60 71 59 69
65 81 64 79
47 65 46 64
22 39 22 38
24 45 24 44
17 61 17 59
27 70 27 68
66 78 65 76
46 47 46 46
36 69 35 67
37 85 36 83
18 66 18 65
16 81 16 79
47 67 46 65
46 57 45 56
15 63 15 62
73 77 71 75
15 53 15 52
56 85 55 83
60 85 59 83
20 48 20 47
12 65 12 64
58 73 57 71
33 62 33 61
38 66 37 65
20 32 20 32
54 59 53 58
36 45 35 44
57 58 56 56
17 66 17 65
14 15 14 14
