23 35 23 34
17 32 17 32
57 82 55 80
37 53 36 52
33 80 33 78
51 59 49 58
55 81 54 79
73 80 71 78
31 42 31 41
20 84 20 82
26 70 26 67
21 55 20 53
52 59 49 58
24 67 24 65
16 23 16 23
31 57 31 56
74 77 72 76
56 78 55 76
14 81 14 79
14 68 14 66
73 80 71 78
29 82 29 80
21 79 21 77
34 58 33 57
75 75 73 77
23 42 23 42
33 74 33 71
27 62 27 60
26 54 26 52
22 62 22 61
83 84 77 82
36 64 35 63
45 68 44 67
44 52 43 51
71 80 70 78
19 62 19 61
37 56 37 55
37 40 37 39
12 53 12 52
14 37 14 36
32 80 32 79
41 50 41 49
27 37 27 37
26 78 25 77
20 60 20 59
27 69 26 67
42 58 42 57
29 75 28 74
28 70 28 68
19 24 19 24
40 77 39 76
25 47 25 47
63 70 61 68
33 40 33 38
19 49 19 49
46 80 45 78
18 26 18 26
21 84 21 83
26 66 26 65
75 76 73 79
53 55 52 54
18 52 18 50
15 61 15 60
50 67 49 65
24 45 23 45
64 73 70 72
36 63 35 61
50 71 49 69
25 49 25 49
72 81 71 80
52 84 51 82
17 45 17 44
33 47 32 47
40 69 39 68
42 67 42 65
36 65 36 63
42 42 42 45
18 22 18 22
23 49 23 49
40 45 39 44
45 47 44 46
63 81 62 80
31 83 31 81
27 36 27 35
37 79 37 77
73 77 72 75
34 80 32 78
50 73 48 69
26 43 26 42
21 80 21 78
20 59 20 58
55 80 53 78
22 64 22 63
28 75 28 72
37 51 36 50
30 43 30 42
30 44 30 43
35 81 34 79
69 74 67 71
25 61 25 59
