23 35 23 34
76 84 74 81
32 62 32 61
29 71 29 69
25 72 25 71
41 63 40 62
53 79 52 77
21 49 21 48
36 40 35 39
30 82 30 80
26 78 26 77
18 33 17 33
27 66 27 65
67 69 66 66
23 26 23 26
51 61 50 60
20 28 20 28
27 30 27 30
26 41 26 41
19 70 19 68
24 76 24 74
20 52 20 51
23 58 23 57
17 26 17 26
16 19 16 19
45 50 45 48
50 66 49 64
38 39 38 42
21 56 21 55
42 59 41 57
50 60 49 59
21 85 21 83
12 79 12 77
29 40 29 40
28 85 28 82
21 24 21 24
42 43 41 47
15 58 15 57
42 48 41 47
34 68 33 67
38 68 37 66
79 85 77 83
51 84 50 82
17 74 17 73
41 62 40 61
29 63 29 62
12 53 12 51
50 80 49 78
58 81 57 79
29 63 29 61
71 78 69 76
64 70 63 68
54 58 53 56
23 74 23 72
44 48 43 47
48 78 47 75
42 47 42 46
78 78 76 76
14 78 14 76
33 57 33 56
17 44 17 44
33 36 33 35
29 67 29 65
15 84 15 81
28 59 28 58
56 57 55 59
23 54 23 53
54 85 53 82
57 74 56 72
26 73 26 71
38 51 37 50
64 68 62 66
38 76 37 74
30 46 30 45
46 60 46 59
71 75 70 73
49 55 48 54
22 77 22 75
36 36 35 35
37 54 36 53
15 84 15 81
27 73 27 71
26 29 26 29
78 85 76 83
22 36 22 35
30 78 30 77
44 62 44 61
27 78 27 76
28 36 28 35
34 62 33 60
57 68 56 66
27 54 27 53
56 72 55 71
43 53 42 51
13 49 13 48
14 20 14 20
25 72 25 70
54 54 52 52
18 60 18 59
62 67 61 65
