23 35 23 34
12 34 12 33
39 55 39 54
31 38 30 37
24 52 24 50
30 49 30 49
28 40 28 40
37 77 36 75
52 56 50 55
37 67 36 66
22 73 22 71
21 44 20 44
46 79 45 77
50 83 50 81
31 31 31 35
43 79 41 77
15 21 15 20
51 76 50 74
23 32 22 31
36 73 36 70
41 81 40 80
63 78 61 76
20 85 19 86
13 44 13 42
29 57 29 55
14 83 14 81
41 75 40 75
28 74 28 72
75 84 73 81
41 51 41 50
28 60 28 59
23 68 22 69
17 50 17 49
32 65 32 63
13 24 13 24
21 57 20 55
31 80 31 78
30 58 30 56
51 84 50 82
16 56 16 55
24 32 24 32
52 79 51 77
47 58 47 56
72 84 71 82
42 81 40 79
14 50 14 48
48 61 48 60
17 57 17 56
30 73 30 73
82 85 80 83
14 41 14 40
14 36 14 36
25 83 25 83
57 79 58 77
28 59 28 58
25 34 25 34
25 48 24 48
21 85 21 83
17 44 17 42
58 83 57 81
26 55 26 55
18 66 18 66
41 72 39 41
24 78 24 78
30 56 30 55
41 79 40 76
36 54 34 53
16 19 16 19
46 68 46 66
33 55 33 52
30 43 30 43
53 59 52 59
73 83 72 81
33 81 33 80
45 63 45 62
12 38 12 42
48 53 48 52
33 41 33 40
23 39 23 39
17 65 17 63
63 75 62 74
16 22 16 21
47 66 46 64
53 54 53 57
14 24 14 24
25 85 25 84
43 63 42 62
32 77 32 76
36 81 34 80
13 44 13 43
23 28 23 28
32 48 32 48
39 74 38 72
26 41 26 40
55 57 52 55
47 64 46 66
44 79 43 78
26 63 25 62
76 83 74 80
49 71 49 69
