23 35 23 34
60 67 59 65
67 82 65 80
40 43 40 42
16 39 16 38
31 35 31 34
82 83 81 81
35 41 34 40
40 75 39 73
14 45 14 44
45 49 44 48
48 62 47 60
49 74 48 72
14 27 14 27
39 56 38 54
65 67 64 64
55 62 53 61
49 75 48 73
55 56 54 54
28 81 28 79
41 57 40 56
41 79 40 77
66 68 65 65
40 76 39 74
13 85 13 83
29 34 29 33
71 73 70 70
28 62 28 61
68 72 66 70
53 78 52 76
24 67 24 65
20 26 20 26
21 52 21 50
30 39 30 38
56 67 55 65
30 58 30 57
31 63 31 62
32 40 32 39
19 32 19 32
30 58 30 57
44 71 43 69
61 79 60 77
16 58 16 57
14 53 14 52
53 63 51 62
55 70 54 68
43 79 42 77
12 68 12 66
37 66 36 65
67 80 65 78
40 75 39 73
40 45 39 44
16 67 16 65
35 67 34 65
46 62 45 60
12 34 12 34
48 53 47 52
58 79 57 77
28 29 28 32
19 75 19 73
19 50 19 49
41 83 40 81
40 68 39 66
26 39 26 38
50 60 49 58
41 66 40 65
55 67 53 65
54 84 53 82
65 75 64 73
18 67 18 65
47 76 47 74
45 60 45 59
16 84 16 82
36 39 35 38
24 57 24 56
40 42 40 40
20 79 20 77
16 57 16 56
23 37 23 36
46 71 45 69
26 55 26 54
38 79 37 77
47 64 46 63
51 68 50 66
45 60 44 59
47 48 47 47
23 33 23 33
43 60 42 59
41 76 40 74
52 79 50 78
18 69 18 67
68 85 66 82
12 27 12 27
67 75 65 74
58 78 57 76
20 81 20 79
56 67 55 65
34 38 34 37
23 37 23 36
54 76 53 74
