23 35 23 34
62 68 61 66
49 73 48 71
52 74 51 72
49 81 48 79
63 67 62 65
37 55 36 54
14 16 14 16
27 48 27 47
30 65 30 64
20 48 20 47
44 57 43 56
12 60 12 59
34 35 34 34
19 82 19 80
13 39 13 38
21 50 21 49
64 80 63 78
35 70 34 68
59 70 58 68
12 77 12 75
63 72 62 70
15 63 15 62
21 45 21 44
26 31 26 31
52 74 51 72
22 24 22 24
68 72 66 70
26 28 26 28
50 77 49 75
25 73 25 71
17 39 17 38
33 81 33 79
30 51 30 50
25 57 25 56
31 70 31 68
57 75 56 73
29 66 29 65
52 64 51 63
63 83 62 81
23 27 23 27
20 75 20 73
37 47 36 46
54 59 53 58
83 84 81 81
32 58 32 57
45 71 44 69
17 21 17 21
18 65 18 64
40 69 39 67
45 68 44 66
61 70 60 68
52 66 51 65
26 61 26 60
19 45 19 44
36 82 35 80
38 53 37 52
22 54 22 53
33 64 33 63
49 50 48 48
33 59 33 58
32 48 32 47
19 46 19 45
50 65 49 64
14 84 14 82
33 53 33 52
12 65 12 64
18 58 18 57
67 76 65 74
21 69 21 67
16 26 16 26
19 45 19 44
34 71 33 69
13 81 13 79
48 51 48 48
44 58 43 57
76 85 74 82
41 82 40 80
31 54 31 53
16 44 16 43
41 65 40 64
54 82 53 80
20 64 20 63
37 48 36 47
12 18 12 18
24 82 24 80
36 70 35 68
45 84 44 82
69 71 68 68
22 53 22 52
24 63 24 62
38 47 37 46
37 39 37 37
17 76 17 74
18 60 18 59
22 70 22 68
42 85 41 82
14 71 14 69
64 65 63 63
63 70 62 68
