23 35 23 35
35 55 34 54
13 49 13 48
18 36 18 35
75 77 74 74
12 67 12 65
41 84 40 81
23 79 23 78
51 76 50 74
14 85 14 83
67 77 65 75
72 84 70 82
29 78 29 76
29 35 29 34
31 62 31 61
15 78 15 76
17 69 17 67
49 65 48 64
43 84 43 82
23 76 23 74
28 70 28 68
20 47 20 46
24 71 24 70
15 29 15 29
43 55 43 54
24 32 24 32
45 76 44 75
65 84 64 82
41 47 40 46
27 67 27 65
48 75 47 74
44 51 43 49
17 59 17 57
15 67 15 65
24 83 24 81
45 46 45 49
36 78 35 77
59 81 58 79
71 72 69 69
43 74 42 72
39 54 38 53
39 41 38 38
32 59 32 58
22 49 22 48
28 83 28 81
41 47 40 47
36 44 35 43
24 56 24 55
42 77 41 75
23 63 23 62
77 82 75 80
13 75 13 73
42 58 41 57
60 65 59 63
33 51 33 50
53 55 53 57
44 84 43 82
51 63 50 62
35 44 34 43
82 85 80 80
25 29 25 28
49 76 48 75
54 72 53 71
17 85 17 83
26 76 26 74
30 58 30 57
59 85 58 81
25 46 25 45
43 61 42 59
51 79 49 77
26 30 26 30
30 44 30 43
61 70 60 68
49 66 48 65
55 59 54 58
61 80 60 78
28 70 28 68
62 83 61 81
74 77 72 72
22 81 22 78
50 83 49 81
35 36 35 39
18 65 18 64
23 57 23 56
12 21 12 21
42 73 41 71
44 73 43 72
19 73 19 71
44 50 43 49
38 46 37 45
15 18 15 18
15 67 15 65
41 70 40 68
46 61 45 60
27 43 27 42
45 55 44 54
12 16 12 16
26 76 26 74
72 76 71 74
12 64 12 63
