23 35 23 34
37 48 36 47
46 80 45 78
40 58 39 57
16 32 16 32
65 74 64 72
64 70 63 68
31 39 31 38
17 46 17 45
17 38 17 37
44 73 43 71
61 77 60 75
12 66 12 65
18 30 18 30
14 45 14 44
14 75 14 73
14 55 14 54
75 77 74 74
70 78 68 77
21 73 21 71
49 55 48 54
33 53 33 52
17 48 17 48
27 65 27 64
20 39 20 38
47 79 46 77
34 81 33 79
25 36 25 35
49 60 48 59
52 76 51 74
17 56 17 55
57 69 56 67
27 56 27 55
36 60 35 59
79 82 77 79
15 67 15 65
27 85 27 83
24 82 24 80
52 77 51 76
23 25 23 25
37 81 37 79
20 21 20 20
32 55 32 54
25 38 25 37
64 81 63 79
27 42 27 42
51 69 49 67
67 73 65 71
37 43 36 42
12 63 12 61
30 67 30 65
46 75 45 73
21 83 21 81
28 33 28 33
16 41 16 40
31 32 31 31
45 50 44 49
16 32 16 32
58 78 57 76
29 52 29 51
39 41 39 39
18 81 18 79
17 64 17 63
29 66 29 65
35 80 34 78
34 36 34 34
57 58 56 60
58 63 57 62
22 66 22 65
14 67 14 65
19 72 19 70
54 80 53 78
37 83 36 81
41 82 40 80
35 66 35 65
58 83 57 81
38 85 37 83
42 70 41 68
35 49 34 48
57 80 55 78
50 53 49 52
51 63 50 62
56 61 55 60
40 85 39 83
15 24 15 24
24 83 24 81
46 49 45 48
16 76 16 74
42 72 41 71
17 76 17 74
32 47 32 46
20 53 20 52
55 71 54 69
16 39 16 38
46 79 45 77
32 45 32 44
62 80 61 78
23 34 23 33
48 70 47 68
14 63 14 61
