23 35 23 34
48 50 48 48
48 68 47 66
60 67 59 65
69 79 67 77
49 82 48 80
60 64 59 63
19 19 19 22
18 43 18 42
37 49 36 48
54 60 53 59
77 84 75 82
24 49 24 48
65 72 64 70
25 65 25 64
65 75 64 73
54 77 53 75
15 44 15 43
29 46 29 45
22 78 22 76
17 85 17 83
16 73 16 71
23 40 23 39
19 69 19 67
20 31 20 31
24 58 24 57
43 55 42 54
13 75 13 73
33 57 33 56
19 47 19 46
42 81 41 79
80 80 78 78
46 50 45 49
14 26 14 26
30 76 30 74
33 74 33 72
41 84 40 82
44 59 43 58
13 82 13 80
26 84 26 82
40 84 39 82
35 64 34 63
45 53 44 52
16 33 16 33
42 52 41 51
40 47 39 46
12 69 12 67
22 51 22 50
22 75 22 73
19 53 19 52
20 64 20 63
34 41 33 40
43 72 42 70
58 78 57 76
41 62 40 61
73 84 71 82
29 69 29 67
62 80 61 78
50 75 49 73
23 84 23 82
22 22 22 25
55 59 54 58
28 57 28 56
37 74 36 72
15 60 15 59
47 62 46 61
29 78 29 76
25 32 25 32
45 62 44 61
19 23 19 23
58 63 57 62
50 73 49 71
16 25 16 25
41 75 40 73
34 56 33 55
41 74 40 72
24 80 24 78
12 85 12 82
26 73 26 71
39 82 38 80
21 23 21 23
26 85 26 83
30 58 30 57
45 61 44 60
67 71 65 69
23 38 23 37
30 42 30 41
50 59 49 58
30 37 30 36
70 72 69 69
12 64 12 63
16 74 16 72
65 80 64 78
71 85 69 83
85 85 83 83
50 60 49 59
21 58 21 57
15 33 15 33
20 76 20 74
47 50 47 47
