23 35 23 34
69 70 68 68
56 83 55 81
33 60 33 59
40 51 39 50
14 20 14 20
41 45 40 44
38 52 37 51
16 32 16 32
27 35 27 34
12 67 12 65
62 73 61 71
17 36 17 35
40 71 39 69
15 54 15 53
23 84 23 82
50 63 49 62
13 24 13 24
18 23 18 23
59 80 58 78
51 55 50 54
30 58 30 57
60 78 59 76
15 27 15 27
13 73 13 71
37 63 36 62
41 85 40 82
15 80 15 78
12 49 12 48
12 54 12 53
52 52 51 51
21 25 21 25
14 40 14 40
31 51 31 50
22 36 22 35
37 73 36 71
30 51 30 50
48 77 47 75
40 79 39 77
79 82 77 77
22 37 22 36
12 23 12 23
15 62 15 61
82 82 80 80
44 82 43 80
32 47 32 46
48 79 47 77
14 28 14 28
61 64 60 63
55 80 54 78
22 42 22 41
34 73 33 71
37 53 36 52
34 83 33 81
75 81 73 79
44 80 43 78
32 43 32 42
76 78 75 75
21 35 21 34
45 72 44 70
53 82 52 80
34 44 33 43
17 83 17 81
24 80 24 78
56 61 55 60
25 64 25 63
25 41 25 40
36 62 35 61
15 41 15 40
30 47 30 46
37 83 36 81
22 41 22 40
46 59 45 58
71 82 69 80
35 59 34 58
59 63 58 62
43 84 42 81
37 65 36 64
18 20 18 20
69 85 67 83
14 19 14 19
61 73 60 71
18 44 18 43
12 50 12 49
52 59 51 58
29 40 29 39
20 23 20 23
46 77 45 75
48 77 47 75
33 40 33 39
53 72 52 70
18 38 18 37
50 68 49 66
23 24 23 27
29 33 29 33
24 32 24 32
50 83 49 81
42 77 41 75
15 35 15 34
47 79 46 77
