23 35 23 34
28 70 28 68
14 73 14 71
29 48 29 47
77 82 75 80
21 29 21 29
46 71 45 69
20 74 20 72
43 50 42 49
28 40 28 39
36 83 35 81
34 66 33 65
74 79 72 77
31 39 31 38
45 67 45 65
40 49 39 48
62 82 61 80
25 64 25 63
51 75 50 73
21 66 21 64
25 68 25 67
46 62 45 61
40 66 39 65
30 59 30 58
31 45 31 44
62 63 61 66
49 59 48 58
17 45 17 44
36 61 35 60
61 61 60 60
12 78 12 76
61 69 59 67
16 82 16 81
41 64 40 63
15 55 15 54
15 63 15 62
58 77 56 75
26 28 26 28
36 80 35 78
25 26 25 29
13 16 13 16
23 72 23 70
36 42 35 41
17 40 17 39
39 56 38 55
74 81 72 80
38 68 37 66
51 59 50 58
24 35 24 34
29 79 29 77
55 76 54 75
50 77 49 75
40 64 39 63
19 66 19 65
36 47 35 46
33 42 33 41
26 79 26 77
25 53 25 52
64 74 63 72
15 80 15 78
42 45 42 44
22 84 22 82
28 71 28 69
21 38 21 37
57 62 56 61
36 51 35 49
25 56 25 54
42 72 41 70
70 82 68 80
50 79 49 77
19 74 19 72
14 66 14 65
32 82 32 81
68 71 67 69
20 53 20 51
17 75 17 73
40 81 39 79
25 63 25 62
32 49 32 48
61 80 60 78
23 76 23 74
13 43 13 42
77 81 75 79
23 70 23 68
17 56 17 54
14 19 14 19
15 24 15 24
51 74 50 72
12 59 12 57
16 52 16 51
24 45 24 44
48 83 47 81
65 73 64 71
62 75 61 73
58 80 57 78
34 75 33 73
58 67 57 65
19 77 19 75
36 64 35 63
36 42 35 41
