23 35 23 35
64 85 63 83
41 47 40 46
67 71 65 69
33 79 33 77
21 50 21 49
72 75 70 73
82 85 81 81
34 40 33 39
28 58 28 57
25 70 25 68
33 76 33 74
60 79 59 77
71 73 70 70
31 82 31 80
27 73 27 71
36 55 35 54
42 49 41 48
56 72 55 70
22 52 22 51
26 76 26 74
28 38 28 37
24 44 24 43
48 59 47 58
39 80 38 78
34 39 33 38
13 30 13 30
40 46 39 45
65 76 64 74
17 39 17 38
37 62 36 61
20 80 20 78
52 83 50 81
33 78 33 76
27 76 27 74
34 59 33 58
44 70 43 68
61 74 60 72
47 55 46 54
23 54 23 53
29 48 29 47
37 72 36 70
45 53 44 52
15 74 15 72
25 70 25 68
75 83 73 82
51 55 50 54
33 76 33 74
73 75 72 72
65 84 64 82
26 34 26 33
15 76 15 74
43 69 42 67
42 77 41 75
15 44 15 43
22 28 22 28
30 57 30 56
44 74 43 72
50 66 49 65
42 45 41 44
36 54 35 52
34 65 33 64
58 73 57 71
64 69 63 67
68 78 66 76
27 49 27 48
55 66 54 65
45 61 44 60
62 69 61 67
34 69 33 67
41 82 40 80
15 63 15 62
63 65 62 62
63 76 62 74
23 85 23 82
12 16 12 16
64 72 63 70
18 46 18 45
33 52 33 51
43 68 42 66
44 62 43 61
44 80 43 78
31 65 31 64
65 76 64 74
33 67 33 65
34 54 33 53
29 46 29 45
59 68 58 66
61 61 60 60
13 63 13 62
31 84 31 82
16 79 16 77
21 82 21 80
52 55 51 54
56 66 55 65
19 34 19 33
18 25 18 25
16 74 16 72
57 72 56 70
51 66 50 65
