23 35 23 34
27 32 27 32
30 68 30 66
21 52 21 51
17 26 17 26
22 38 22 37
53 66 52 65
56 71 55 69
18 56 18 55
32 60 32 59
46 51 45 50
54 82 53 80
25 27 25 27
72 83 70 81
21 73 21 72
18 36 18 35
63 83 62 81
28 38 28 37
61 73 60 71
26 67 26 65
42 42 41 41
39 70 38 68
77 85 75 82
12 73 12 71
39 65 38 64
31 67 31 65
48 73 47 71
22 50 22 49
22 26 22 26
25 40 25 39
50 73 49 72
31 78 31 76
24 38 24 37
29 46 29 45
35 77 34 75
31 35 31 34
18 68 18 67
32 58 32 57
26 42 26 41
29 35 29 34
15 28 15 28
55 79 54 77
58 73 57 72
68 68 66 66
58 84 56 81
40 51 39 50
16 19 16 19
17 19 17 19
55 61 54 60
14 80 14 78
37 41 36 40
53 66 52 65
58 71 57 69
22 54 22 53
29 85 29 82
29 69 29 67
13 78 13 76
18 39 18 38
14 64 14 63
37 77 36 75
47 83 46 81
69 73 67 71
33 71 33 69
44 46 44 44
48 77 47 75
68 85 66 83
12 68 12 66
16 35 16 34
62 84 61 82
15 56 15 55
38 54 37 53
59 70 58 68
16 67 16 65
28 66 28 65
53 79 52 77
25 25 25 28
37 54 36 53
57 74 55 72
31 70 31 68
31 50 31 49
60 68 58 66
17 70 17 68
13 40 13 39
40 48 39 47
27 43 27 42
27 68 27 67
18 34 18 33
17 36 17 36
40 53 39 52
30 64 30 63
38 55 37 54
13 26 13 26
34 68 33 66
20 78 20 76
65 78 64 76
62 69 61 67
41 53 40 52
33 34 33 33
16 46 16 45
17 46 17 45
