23 35 23 34
61 81 60 79
15 26 15 26
41 78 40 76
82 83 81 81
22 70 22 68
32 62 32 61
32 61 32 60
22 23 22 26
31 79 31 77
21 47 21 46
46 58 45 57
40 51 39 50
14 53 14 52
29 63 29 62
77 78 76 76
28 39 28 38
63 73 62 71
38 77 37 75
19 36 19 35
52 74 50 72
29 65 29 64
23 38 23 37
16 50 16 49
68 77 66 75
26 63 26 62
26 85 26 83
13 18 13 18
54 80 53 78
20 76 20 74
23 27 23 27
33 37 33 36
38 83 37 81
24 41 24 40
40 57 39 56
57 71 55 69
54 66 52 65
28 66 28 65
60 70 59 68
47 56 46 55
48 70 47 68
15 49 15 48
35 46 34 45
20 38 20 38
41 56 40 55
25 60 25 59
19 59 19 58
66 77 65 75
24 80 24 78
18 28 18 28
46 70 45 68
18 27 18 27
12 66 12 65
28 73 28 71
17 67 17 65
71 75 69 73
43 66 42 65
78 85 76 83
22 23 22 26
44 76 43 74
58 71 57 69
56 67 55 65
14 78 14 77
47 67 46 65
18 33 18 33
30 40 30 40
30 72 30 70
40 65 39 64
32 62 32 61
46 63 45 62
72 73 71 71
56 76 54 74
42 76 41 74
36 43 35 42
24 79 24 77
35 83 34 81
38 71 37 69
22 85 22 82
30 39 30 38
49 82 48 80
23 55 23 54
25 63 25 62
20 77 20 75
19 42 19 41
71 75 69 73
50 51 49 49
40 54 39 53
53 70 51 68
51 54 50 52
53 82 52 81
44 78 43 77
14 83 14 81
12 64 12 62
22 67 22 65
39 66 38 65
25 49 25 48
72 76 70 74
40 67 39 65
40 45 39 44
29 64 29 62
