23 35 23 34
25 37 25 36
33 43 33 42
31 63 31 62
28 68 28 66
36 48 35 47
36 57 35 56
13 74 13 72
28 69 28 67
37 40 36 39
34 53 33 52
31 50 31 49
57 69 56 67
27 70 27 68
52 79 51 77
32 52 32 51
33 66 33 65
20 45 20 44
40 41 40 40
69 75 67 73
33 80 33 78
39 65 38 64
36 69 35 67
25 39 25 38
49 79 48 77
27 48 27 47
71 79 69 77
46 55 45 54
14 18 14 18
32 50 32 49
27 46 27 45
28 78 28 76
36 76 35 74
44 72 43 70
39 71 38 69
52 83 51 81
71 78 69 76
17 17 17 20
14 69 14 67
21 54 21 53
57 82 56 80
50 52 49 49
23 72 23 70
24 70 24 68
61 70 60 68
40 66 39 65
76 82 74 80
49 84 48 82
18 29 18 29
36 83 35 81
67 72 65 70
35 59 34 58
23 64 23 63
39 73 38 71
35 82 34 80
40 59 39 58
52 64 51 63
41 73 40 71
23 35 23 34
46 65 45 64
23 68 23 66
46 83 45 81
35 59 34 58
53 62 52 61
77 79 76 76
14 24 14 24
68 70 67 67
67 68 66 66
42 68 41 66
12 73 12 71
16 48 16 47
12 13 13 16
13 83 13 81
33 52 33 51
37 39 37 37
14 81 14 79
24 59 24 58
39 63 38 62
17 51 17 50
42 58 41 57
48 65 47 64
52 67 51 65
58 74 57 72
20 69 20 67
26 37 26 36
40 51 39 50
16 45 16 44
29 69 29 67
12 25 12 25
52 52 51 51
23 56 23 55
28 83 28 81
13 60 13 59
12 44 12 43
70 81 68 79
52 56 51 55
29 84 29 82
46 46 45 49
29 70 29 68
47 80 46 78
