23 35 23 34
30 78 28 77
28 31 28 31
34 54 31 53
20 50 20 49
38 63 37 62
41 71 40 68
42 57 42 60
33 65 32 63
57 66 55 65
75 78 73 73
54 56 52 52
17 83 17 80
23 49 23 49
51 62 49 61
60 63 59 62
34 44 33 44
37 55 37 52
46 59 45 59
40 60 40 59
24 68 24 66
26 76 26 76
37 81 36 79
45 74 44 73
12 72 12 69
46 75 44 73
41 47 40 46
57 77 59 76
40 81 78 80
15 63 15 61
46 79 44 77
12 15 12 15
21 27 21 26
48 78 47 76
41 50 40 49
22 66 22 66
57 68 55 67
21 66 21 66
48 80 47 77
22 59 57 60
33 44 32 49
33 57 33 56
20 47 20 46
17 39 17 40
13 42 13 42
29 77 29 74
15 32 15 31
30 50 30 49
12 36 12 36
34 37 33 35
44 54 43 52
26 66 63 63
49 79 48 77
32 44 43 49
55 77 53 76
30 58 30 58
23 54 51 53
15 40 15 39
15 55 14 53
65 82 65 80
16 78 16 77
65 77 64 75
61 62 59 61
41 77 41 75
46 85 45 82
19 81 19 78
18 25 18 25
53 59 50 57
35 43 34 42
26 52 26 51
18 22 19 21
47 70 47 67
32 49 31 49
13 18 13 18
14 67 14 65
34 84 33 82
26 72 25 65
21 49 47 49
31 44 32 43
59 59 57 57
21 26 20 26
37 62 36 61
13 84 13 82
35 71 34 67
30 41 30 40
17 43 41 43
34 75 33 75
30 79 30 78
56 65 54 64
25 52 26 52
49 75 48 74
54 62 53 61
35 73 34 34
66 85 65 84
26 43 41 43
18 66 18 64
46 73 46 71
38 85 37 85
56 80 55 78
66 69 65 68
