23 35 23 34
41 84 40 82
24 33 24 33
70 76 68 74
19 44 19 43
52 81 51 79
34 48 33 47
35 42 34 41
19 85 19 83
47 69 46 67
34 52 33 51
34 40 33 39
47 82 46 80
15 28 15 28
27 61 27 60
49 60 48 59
18 58 18 57
37 54 36 53
59 71 58 69
46 64 45 63
22 42 22 41
31 65 31 64
70 79 68 77
18 54 18 53
56 64 55 63
55 73 54 71
25 47 25 46
58 72 57 70
58 84 57 82
17 45 17 44
41 53 40 52
58 76 57 74
16 58 16 57
15 50 15 49
27 42 27 41
59 59 58 58
66 69 65 65
14 67 14 65
30 52 30 51
27 32 27 32
40 69 39 67
60 65 59 64
44 80 43 78
28 46 28 45
25 30 25 30
15 62 15 61
47 51 46 50
12 69 12 67
65 80 64 78
24 55 24 54
34 75 33 73
23 26 23 26
13 64 13 63
19 33 19 33
40 41 40 40
50 78 49 76
33 79 33 77
42 68 41 66
50 72 49 70
23 26 23 26
33 34 33 33
63 63 62 62
41 54 40 53
32 35 32 34
53 58 52 57
58 85 57 83
55 72 54 70
20 37 20 36
20 60 20 59
20 64 20 63
31 78 31 76
42 78 41 76
28 43 28 42
12 81 12 79
22 26 22 26
19 19 19 22
32 46 32 45
24 42 24 41
29 74 29 72
35 68 34 66
19 76 19 74
67 72 65 70
22 64 22 63
34 44 33 43
16 36 16 35
24 63 24 62
63 76 62 74
27 81 27 79
56 73 55 71
38 45 37 44
34 74 33 72
30 62 30 61
45 77 44 75
64 76 63 74
58 82 57 80
67 72 65 70
25 84 25 82
57 84 56 82
52 69 51 67
33 45 33 44
