23 35 23 34
22 70 22 68
30 47 30 46
27 59 27 58
26 69 26 67
16 17 16 20
76 85 74 82
29 50 29 48
62 73 61 71
42 78 41 76
19 27 19 27
24 50 24 49
15 66 15 65
50 81 48 79
54 55 53 53
21 65 21 64
20 31 20 31
50 61 49 60
17 67 17 65
25 61 25 60
71 76 70 74
43 69 42 67
16 16 16 20
48 55 47 54
20 52 20 51
28 84 28 82
35 46 34 45
27 59 27 57
75 84 74 82
12 22 12 22
23 55 23 54
41 44 40 43
51 60 50 59
63 73 62 71
54 57 53 56
12 51 12 49
19 51 19 50
52 75 51 73
14 49 14 48
41 56 40 54
67 85 65 83
37 72 36 70
41 70 40 67
21 29 21 29
19 39 19 39
22 62 22 60
25 78 25 76
55 61 53 60
29 71 29 69
51 53 51 51
43 84 42 81
21 39 21 38
33 35 33 33
14 31 14 31
22 76 22 74
24 36 24 35
54 65 53 64
35 60 34 59
52 73 51 71
50 61 49 60
33 60 33 58
53 76 51 74
32 79 32 77
54 62 53 61
44 52 43 50
58 66 57 65
37 46 36 45
33 60 33 59
44 47 44 46
16 49 16 48
47 82 46 80
36 39 36 39
14 70 14 68
40 51 39 49
68 72 67 70
15 28 15 28
66 72 65 70
24 77 24 76
18 60 18 59
23 36 23 35
21 45 21 44
26 33 26 33
31 35 31 34
56 71 55 69
33 46 33 46
25 47 25 47
21 38 21 37
25 57 25 56
45 45 44 48
35 70 34 68
47 54 46 53
59 63 58 62
53 71 51 69
33 42 33 41
13 41 13 40
48 49 48 48
12 68 12 66
30 32 30 30
37 64 36 63
53 70 51 68
