23 35 23 34
66 73 65 71
29 58 29 57
41 83 40 81
20 62 20 61
41 68 40 66
43 78 42 76
15 61 15 60
33 74 33 72
71 77 69 75
34 35 34 34
64 68 63 66
18 21 18 21
45 52 44 51
31 35 31 34
43 49 42 48
12 42 12 41
24 59 24 58
14 22 14 22
19 60 19 59
28 55 28 54
21 69 21 67
14 17 14 17
16 19 16 19
39 68 38 66
41 69 40 67
21 72 21 70
48 78 47 76
58 85 57 83
20 73 20 71
46 84 45 82
44 49 43 48
22 41 22 40
28 80 28 78
67 85 65 83
25 68 25 66
26 45 26 44
39 47 38 46
48 67 47 65
32 54 32 53
13 32 13 32
26 28 26 28
44 50 43 49
12 82 12 80
53 85 52 83
42 65 41 64
20 54 20 53
67 76 65 74
43 67 42 65
33 38 33 37
55 70 54 68
65 76 64 74
20 85 20 83
19 76 19 74
31 74 31 72
36 85 35 83
58 68 57 66
23 85 23 83
41 59 40 58
37 71 36 69
40 59 39 58
33 80 33 78
58 70 57 68
32 57 32 56
56 78 55 76
47 83 46 81
23 79 23 77
19 28 19 28
40 59 39 58
37 71 36 69
22 85 22 83
16 73 16 71
37 72 36 70
27 76 27 74
12 18 12 18
43 58 42 57
39 84 38 82
20 31 20 31
81 84 80 80
46 50 45 49
62 66 61 65
45 78 44 76
55 67 54 65
30 49 30 48
25 80 25 78
38 48 37 47
21 24 21 24
71 76 69 74
15 68 15 66
27 35 27 34
48 51 48 48
22 46 22 45
28 76 28 74
62 81 61 79
72 72 70 70
36 51 35 50
42 82 41 80
65 76 64 74
53 65 52 64
13 42 13 41
