23 35 23 34
31 59 31 58
16 20 16 20
12 59 12 58
40 62 39 61
70 84 68 81
61 63 61 61
20 29 20 29
22 48 22 47
45 57 44 56
63 73 62 71
15 74 15 72
36 47 35 46
47 70 46 68
45 81 44 79
14 79 14 77
48 58 47 57
18 25 18 25
53 62 52 61
22 27 22 27
31 65 31 64
42 72 41 70
34 45 33 44
63 80 62 78
50 56 49 55
63 85 62 83
37 85 36 83
45 68 44 66
24 62 24 61
46 79 45 77
56 68 55 66
20 76 20 74
40 60 39 59
47 85 46 82
32 37 32 36
16 46 16 45
31 56 31 55
74 84 72 82
37 71 36 69
26 72 26 70
28 38 28 37
43 54 42 53
21 85 21 83
55 64 54 63
34 75 33 73
50 63 49 62
27 67 27 65
26 50 26 49
64 81 63 79
57 68 56 66
39 76 38 74
27 49 27 48
35 75 34 73
12 66 12 65
27 83 27 81
13 38 13 37
50 63 49 62
39 77 38 75
25 73 25 71
44 49 43 48
15 49 15 48
74 84 72 82
22 35 22 34
43 72 42 70
41 46 40 45
25 62 25 61
38 72 37 70
68 78 66 76
21 62 21 61
21 32 21 32
34 36 34 34
38 49 37 48
50 81 49 79
26 54 26 53
43 69 42 67
59 62 58 61
31 71 31 69
34 81 33 79
40 79 39 77
27 28 27 31
34 45 33 44
43 79 42 77
20 38 20 37
14 37 14 36
48 58 47 57
71 81 69 79
39 49 38 48
63 65 62 62
47 78 46 76
27 47 27 46
24 32 24 32
23 30 23 30
73 79 71 77
36 43 35 42
30 37 30 36
24 58 24 57
45 67 44 65
35 66 34 65
31 45 31 44
44 85 43 83
