23 35 23 34
32 38 32 37
53 71 52 70
18 58 18 57
67 72 65 70
32 69 32 67
15 78 15 77
16 42 16 41
65 73 64 71
27 50 26 49
27 80 27 77
31 43 31 42
17 22 17 22
16 67 16 65
47 76 46 75
32 76 32 74
27 68 27 66
33 66 33 65
17 22 17 22
45 57 45 56
39 82 38 80
25 46 25 45
26 30 26 30
36 82 35 80
30 47 30 46
63 83 61 80
50 77 49 76
43 51 42 50
31 44 31 43
40 66 39 65
55 77 54 76
12 48 12 47
54 75 52 73
21 26 21 26
17 79 17 77
23 69 23 68
51 80 49 78
19 34 19 33
27 81 27 79
57 60 55 58
32 74 32 73
54 75 53 74
29 53 29 52
64 85 63 82
25 68 25 67
42 66 42 65
13 61 13 59
19 59 19 58
38 74 37 72
23 33 23 33
60 85 59 82
67 72 66 70
29 78 29 77
24 41 24 40
60 64 58 63
31 46 31 45
69 73 67 71
12 85 12 82
25 35 25 34
19 58 19 57
20 41 20 40
26 50 26 49
63 76 62 74
31 69 31 67
21 60 21 59
22 59 22 58
29 35 29 34
28 84 28 82
44 65 43 64
40 71 39 70
35 54 35 52
20 38 20 37
49 55 48 54
51 77 49 75
35 75 34 73
28 64 28 62
33 57 33 56
14 53 14 51
62 79 60 77
35 69 34 68
31 85 31 83
42 43 42 47
53 54 52 52
28 29 28 32
43 64 43 63
69 71 68 68
28 84 28 82
47 64 46 63
16 84 16 82
47 78 46 76
30 55 30 54
35 38 34 37
12 17 12 17
44 83 43 81
76 81 75 79
13 62 13 61
54 78 53 76
48 53 47 51
18 82 18 80
22 84 22 82
