23 35 23 34
38 51 37 50
29 57 29 56
20 68 20 66
20 52 20 51
39 45 38 44
23 48 23 47
69 73 67 71
19 79 19 77
28 37 28 36
15 78 15 76
24 27 24 27
34 77 33 75
17 64 17 63
22 84 22 82
13 42 13 41
60 79 59 77
43 49 42 48
42 85 41 82
17 75 17 73
20 79 20 77
24 49 24 48
26 46 26 45
66 83 65 81
26 41 26 40
50 65 49 64
22 22 22 25
44 79 43 77
14 85 14 83
23 83 23 81
45 51 44 50
14 17 14 17
42 54 41 53
32 35 32 34
26 68 26 66
61 80 60 78
20 43 20 42
21 80 21 78
13 42 13 41
75 80 73 78
43 69 42 67
25 31 25 31
66 77 65 75
22 62 22 61
66 71 65 69
31 48 31 47
29 60 29 59
43 81 42 79
26 68 26 66
48 82 47 80
26 62 26 61
17 68 17 66
68 72 66 70
18 25 18 25
17 78 17 76
41 50 40 49
21 54 21 53
45 49 44 48
30 34 30 33
56 81 55 79
32 32 32 35
40 63 39 62
21 27 21 27
53 67 52 65
13 49 13 48
22 59 22 58
22 63 22 62
12 70 12 68
21 58 21 57
62 64 61 61
14 74 14 72
71 84 69 82
69 77 67 75
38 40 38 38
40 58 39 57
16 23 16 23
37 40 36 39
54 57 53 56
38 66 37 65
63 84 62 82
48 58 47 57
71 80 69 78
55 60 54 59
35 67 34 65
21 25 21 25
29 53 29 52
34 68 33 66
16 78 16 76
45 55 44 54
15 27 15 27
37 69 36 67
52 68 51 66
63 81 62 79
63 80 62 78
24 64 24 63
55 78 54 76
37 81 36 79
35 68 34 66
35 75 34 73
29 43 29 42
