23 35 23 34
14 62 14 60
47 84 46 81
48 80 47 79
17 52 17 51
28 32 28 31
70 75 68 74
34 60 33 58
39 79 38 77
47 73 46 71
48 81 48 79
67 81 65 79
49 80 49 79
31 61 30 60
18 80 18 79
17 39 17 39
54 75 52 74
15 28 15 28
63 64 63 66
17 19 17 19
14 57 14 54
38 75 38 74
20 58 20 57
56 63 55 62
48 51 47 49
33 34 32 36
75 85 73 83
57 76 56 74
36 78 36 76
16 19 16 19
30 35 30 34
39 47 38 46
24 66 24 65
28 69 28 67
45 85 44 82
34 55 34 53
12 81 12 83
19 61 19 60
64 84 63 82
13 64 13 63
27 58 27 57
73 84 70 82
54 58 53 56
18 72 17 70
32 69 32 67
45 53 44 51
24 71 24 70
15 83 15 81
27 70 27 68
17 72 17 73
24 55 24 54
34 84 33 82
51 70 49 68
44 47 43 47
46 66 45 65
50 73 49 72
66 73 65 71
19 53 18 52
37 58 36 57
62 74 61 71
34 76 33 74
15 18 15 18
38 76 37 75
17 38 17 37
29 81 29 80
14 18 14 18
59 62 59 59
74 78 72 76
28 72 28 71
26 68 26 67
58 65 56 64
14 57 14 55
48 74 47 71
50 62 48 60
20 28 20 28
41 58 41 57
73 79 71 78
16 68 16 66
37 50 36 49
53 71 51 70
12 38 12 38
36 84 35 82
38 50 38 49
78 80 70 76
56 66 56 64
62 77 61 75
49 73 48 71
41 58 40 57
58 60 57 59
18 43 18 42
53 58 51 57
23 71 22 69
38 47 38 46
53 70 52 68
33 54 33 53
53 65 51 63
57 78 55 79
27 31 27 31
46 65 45 63
25 52 25 50
