23 35 23 34
19 81 19 79
32 72 32 70
34 75 33 73
29 55 29 54
56 65 55 64
49 55 48 54
32 66 32 65
28 74 28 72
15 33 15 33
46 85 45 83
13 65 13 64
61 62 60 60
31 47 31 46
23 33 23 33
19 61 19 60
20 60 20 59
31 44 31 43
22 65 22 64
69 85 67 83
47 63 46 62
13 44 13 43
40 76 39 74
16 60 16 59
25 85 25 83
38 66 37 65
50 52 49 49
54 59 53 58
17 54 17 53
14 14 14 18
18 63 18 62
17 57 17 56
63 63 62 66
34 67 33 65
23 30 23 30
68 77 66 75
15 44 15 43
35 47 34 46
38 73 37 71
56 81 55 79
35 35 34 38
54 78 53 76
38 73 37 71
63 84 62 82
29 66 29 65
64 78 63 76
17 25 17 25
25 60 25 59
20 57 20 56
25 46 25 45
13 59 13 58
32 79 32 77
70 80 68 78
33 81 33 79
27 57 27 56
36 69 35 67
36 37 36 36
15 82 15 80
16 37 16 36
31 78 31 76
43 75 42 73
34 41 33 40
72 81 70 79
33 47 33 46
22 70 22 68
17 29 17 29
23 58 23 57
55 64 54 63
71 79 69 77
13 58 13 57
83 84 81 81
52 80 51 78
31 77 31 75
51 53 51 51
32 41 32 40
27 59 27 58
43 85 42 82
14 74 14 72
23 58 23 57
32 69 32 67
27 77 27 75
20 75 20 73
24 74 24 72
23 62 23 61
63 76 62 74
20 76 20 74
23 65 23 64
31 57 31 56
45 49 44 48
20 22 20 22
40 63 39 62
65 66 64 64
13 28 13 28
77 82 76 80
20 26 20 26
15 84 15 82
44 76 43 74
17 56 17 55
18 21 18 21
70 78 68 76
