23 35 23 34
35 57 34 56
39 69 39 67
47 63 46 62
15 72 15 70
38 51 37 50
46 76 45 75
13 29 13 29
19 30 18 30
23 37 23 36
69 82 68 80
30 50 30 49
30 39 30 38
27 66 27 65
25 73 25 71
48 49 47 52
34 53 33 52
12 85 12 83
13 61 13 59
45 73 44 71
35 52 34 50
50 70 48 68
27 37 27 36
51 82 50 81
22 54 22 53
42 63 41 61
32 68 32 66
24 35 24 34
44 68 43 66
21 65 21 63
22 36 22 35
36 70 35 69
73 83 71 81
19 74 19 71
26 35 26 34
24 54 24 53
35 44 35 43
24 46 24 45
53 57 52 55
25 31 25 31
17 50 17 49
35 41 34 40
28 47 28 46
48 53 48 52
66 80 64 78
23 83 22 81
22 72 22 71
48 80 48 77
22 75 22 73
25 35 25 35
42 73 41 71
22 64 22 63
15 27 15 26
37 68 36 66
51 77 50 75
72 77 70 75
52 65 51 64
58 69 56 67
12 49 12 49
40 74 39 72
28 67 28 65
32 61 32 60
25 39 25 38
78 84 76 81
20 31 20 31
22 47 22 46
16 44 16 43
14 32 14 32
72 80 70 78
13 24 13 24
20 24 20 24
67 77 65 76
48 54 47 52
34 40 33 39
50 66 48 65
29 68 29 66
32 55 32 53
38 40 39 43
30 35 30 34
70 72 69 73
14 38 14 38
41 46 40 45
22 81 22 80
15 63 15 62
12 30 12 29
34 65 33 64
26 50 26 49
12 44 12 44
38 67 37 64
39 54 38 53
36 41 35 40
15 68 15 65
13 63 13 62
23 56 23 55
20 51 20 50
15 72 15 70
48 69 48 68
44 78 43 77
55 68 55 65
29 39 29 39
