23 35 23 34
17 21 17 21
14 22 14 22
35 63 34 62
16 18 16 16
40 67 39 65
37 68 36 66
40 46 39 45
34 58 33 57
44 81 43 79
20 47 20 46
44 69 43 67
41 82 40 80
79 83 77 81
52 81 51 79
21 32 21 32
37 62 36 61
30 74 30 72
44 58 43 57
30 52 30 51
39 76 38 74
23 37 23 36
16 37 16 36
47 72 46 70
38 50 37 49
29 69 29 67
42 70 41 68
21 40 21 39
43 63 42 62
49 61 48 60
13 28 13 28
22 23 22 26
20 36 20 35
51 52 50 50
37 70 36 68
44 51 43 50
30 46 30 45
53 84 52 82
32 56 32 55
41 70 40 68
14 30 14 30
48 77 47 75
12 62 12 61
63 70 62 68
27 64 27 63
18 49 18 48
41 79 40 77
19 21 19 21
49 57 48 56
14 80 14 78
16 81 16 79
58 85 57 83
50 51 49 49
52 59 51 58
25 47 25 46
18 69 18 67
65 68 64 64
34 67 33 65
47 70 46 68
13 77 13 75
32 55 32 54
25 71 25 69
15 38 15 37
68 84 66 82
13 68 13 66
46 75 45 73
26 45 26 44
22 83 22 81
29 59 29 58
45 50 44 49
69 81 67 79
68 84 66 82
14 47 14 46
19 84 19 82
59 76 58 74
66 77 65 75
35 71 34 69
19 77 19 75
19 49 19 48
12 23 12 23
51 81 50 79
42 70 41 68
65 69 64 67
28 83 28 81
66 78 65 76
56 74 55 72
22 70 22 68
44 85 43 83
72 73 71 71
32 46 32 45
14 67 14 65
29 80 29 78
49 55 48 54
38 54 37 53
37 44 36 43
13 42 13 41
24 84 24 82
40 83 39 81
14 85 14 83
28 82 28 80
