23 35 23 34
38 66 37 65
37 53 36 52
26 44 26 43
85 85 83 83
13 56 13 55
39 73 38 71
49 72 48 70
58 84 57 82
47 49 47 47
50 59 49 58
15 32 15 32
13 66 13 65
30 75 30 73
65 80 64 78
56 58 56 56
40 80 39 78
57 78 56 76
27 77 27 75
25 32 25 32
23 41 23 40
13 30 13 30
46 75 45 73
60 71 59 69
22 35 22 34
60 73 59 71
49 72 48 70
38 83 37 81
16 41 16 40
20 56 20 55
60 75 59 73
43 49 42 48
22 84 22 82
55 63 54 61
48 70 47 68
12 35 12 34
51 62 50 61
54 71 53 69
36 42 35 41
31 81 31 79
45 72 44 70
17 20 17 20
15 57 15 55
46 71 45 69
39 42 38 41
31 77 31 75
33 54 33 53
13 37 13 36
14 27 14 27
12 50 12 49
58 69 57 67
31 36 31 35
33 81 33 79
14 41 14 40
17 24 17 24
43 81 42 79
43 62 42 61
19 61 19 60
84 85 82 82
29 36 29 35
38 80 37 78
17 79 17 77
60 83 59 81
14 54 14 53
12 49 12 48
34 44 33 43
66 78 65 76
16 31 16 31
57 79 56 77
49 80 48 78
21 29 21 29
29 35 29 34
62 71 61 69
18 39 18 38
17 47 17 46
34 57 33 56
14 27 14 27
55 67 54 65
26 44 26 43
16 55 16 54
37 82 36 80
52 65 51 64
36 65 35 64
32 39 32 38
31 72 31 70
25 27 25 25
33 38 33 37
33 74 33 72
72 82 70 80
23 28 23 28
42 46 41 45
12 28 12 28
38 78 37 76
27 75 27 73
55 64 54 63
50 64 49 63
18 40 18 39
16 49 16 48
68 81 66 79
35 41 34 40
