23 35 23 34
25 83 25 81
67 74 65 72
17 48 17 47
27 78 27 76
17 82 17 80
35 48 34 47
53 69 52 67
17 31 17 31
13 31 13 31
30 43 30 42
43 81 42 79
47 60 46 59
26 35 26 34
52 82 51 80
22 64 22 63
48 64 47 63
72 74 71 71
15 34 15 33
20 75 20 73
14 36 14 35
68 79 66 77
31 47 31 46
13 51 13 50
21 55 21 54
62 72 61 70
29 56 29 55
64 78 63 76
54 84 53 82
28 44 28 43
51 61 50 60
37 53 36 52
49 83 48 81
18 34 18 33
42 64 41 63
12 35 12 34
22 38 22 37
59 74 58 72
49 56 48 55
19 20 19 23
20 44 20 43
28 49 28 48
61 69 60 67
34 84 33 82
13 56 13 55
28 73 28 71
36 53 35 52
61 73 60 71
42 59 41 58
49 66 48 65
25 33 25 33
32 43 32 42
57 57 56 56
55 83 54 81
74 84 72 82
72 83 70 81
12 56 12 55
47 83 46 81
18 25 18 25
18 77 18 75
50 68 49 66
22 74 22 72
21 75 21 73
58 77 57 75
50 54 49 53
25 28 25 28
29 32 29 32
63 76 62 74
47 52 46 50
31 47 31 46
23 23 23 26
33 35 33 33
68 85 66 83
30 38 30 37
12 30 12 30
42 65 41 64
18 20 18 20
18 40 18 39
42 65 41 64
15 70 15 68
26 36 26 35
27 57 27 56
27 46 27 45
29 59 29 58
28 44 28 43
50 60 49 59
50 78 49 76
37 43 36 42
14 41 14 40
31 47 31 46
32 53 32 52
26 75 26 73
17 66 17 65
32 82 32 80
60 83 59 81
17 42 17 41
34 82 33 80
16 33 16 33
61 69 60 67
33 34 33 37
