23 35 23 34
52 62 51 61
15 70 15 68
24 60 24 59
73 78 71 76
15 29 15 29
16 30 16 30
33 36 33 35
23 71 23 69
23 46 23 45
32 72 32 70
29 58 29 57
27 38 27 37
30 58 30 57
51 72 50 70
31 32 31 31
63 74 62 72
61 70 60 68
73 85 71 83
38 47 37 46
35 41 34 40
44 45 44 48
14 35 14 34
67 80 65 78
12 77 12 75
52 81 51 79
64 82 63 80
45 70 44 68
37 85 36 83
16 64 16 63
45 61 44 60
76 79 74 77
41 43 41 46
14 38 14 37
13 44 13 43
16 47 16 46
36 42 35 41
69 85 67 82
50 66 49 65
58 64 57 62
29 58 29 57
54 59 53 58
26 69 26 67
41 43 41 41
18 41 18 40
17 75 17 73
36 80 35 78
51 55 50 54
30 53 30 52
27 81 27 79
31 50 31 49
31 56 31 55
49 77 48 75
62 69 61 67
59 66 58 65
28 80 28 78
62 65 61 64
19 41 19 40
29 45 29 44
12 37 12 36
42 69 41 67
78 79 77 77
45 61 44 60
26 74 26 72
53 69 52 67
59 65 58 64
26 59 26 57
81 85 80 82
26 48 26 47
42 83 41 81
71 75 69 73
28 61 28 60
23 60 23 59
14 14 14 17
17 36 17 35
48 49 48 48
34 71 33 69
61 63 60 60
27 72 27 70
34 62 33 61
22 37 22 36
30 45 30 44
36 48 35 48
59 73 57 71
42 58 41 57
35 82 34 80
29 51 29 50
28 65 28 64
36 68 35 66
59 76 58 74
13 34 13 33
29 82 29 80
26 54 26 53
26 80 26 78
67 76 65 74
55 63 53 62
25 49 25 48
27 31 27 31
29 62 29 61
14 32 14 32
