23 35 23 34
60 67 59 65
16 82 16 80
39 58 38 57
19 42 19 41
17 40 17 40
44 58 43 57
31 37 31 36
28 39 28 39
35 57 34 55
39 54 38 53
24 34 24 33
56 77 55 76
44 51 43 50
23 67 23 65
31 60 31 59
61 83 60 81
26 69 26 67
64 79 62 77
16 71 16 69
37 83 36 81
18 57 18 55
46 75 45 74
41 74 41 72
14 78 14 75
18 55 18 54
26 74 26 72
21 31 21 31
47 85 46 83
58 68 57 67
27 57 27 56
22 44 22 43
68 70 65 68
24 85 24 82
35 44 34 44
17 56 17 54
80 82 76 79
60 84 59 81
12 70 12 68
28 38 28 37
31 40 31 39
29 56 29 55
57 77 56 76
52 67 51 65
37 39 37 37
29 69 29 67
37 74 36 72
25 56 25 55
26 36 26 35
23 35 23 34
43 65 42 63
55 78 54 76
51 80 49 78
20 51 20 49
30 45 30 44
12 39 12 38
14 79 14 77
33 70 33 69
15 16 16 19
26 69 26 68
13 17 13 17
18 64 18 63
23 76 23 75
32 79 32 77
14 74 14 72
23 68 23 66
42 75 41 74
28 39 28 38
46 83 45 81
47 78 46 77
17 62 17 61
36 37 36 40
35 77 34 75
45 80 44 79
41 58 40 56
18 81 18 79
12 65 12 63
71 72 69 69
47 59 47 58
51 75 50 73
45 77 45 76
72 82 70 80
48 80 47 79
29 66 29 64
64 67 63 63
18 26 18 26
17 71 17 68
65 73 64 71
16 46 16 45
42 70 41 68
41 73 40 72
21 82 21 79
13 30 13 30
18 51 17 49
43 45 43 43
26 28 26 28
15 22 15 22
17 54 17 52
24 39 24 39
45 66 44 65
