23 35 22 34
38 77 37 76
18 24 18 24
26 48 26 47
37 85 37 82
21 78 21 75
14 51 14 49
21 52 20 51
23 54 23 52
74 77 71 75
42 76 42 75
24 42 24 41
48 81 48 79
13 43 13 42
31 50 31 49
14 76 14 74
54 61 53 60
27 34 27 33
25 68 25 67
20 34 20 33
17 69 17 68
34 59 33 57
37 83 36 81
36 69 66 68
68 68 65 65
21 46 21 45
12 72 12 71
39 60 38 58
32 64 32 63
63 80 61 63
23 45 23 43
40 41 40 43
20 38 21 38
64 67 62 65
22 53 51 51
52 59 51 57
51 64 49 62
25 76 25 79
49 83 48 82
17 83 16 82
60 72 59 69
48 59 47 58
61 71 60 69
20 58 19 56
30 44 30 43
39 58 38 57
17 37 17 35
16 23 16 23
48 62 46 60
28 81 28 79
24 64 24 63
70 76 68 74
35 80 34 79
29 82 29 80
20 54 20 53
14 46 14 45
45 79 45 77
14 18 13 16
49 79 48 77
14 71 14 70
35 59 35 58
35 59 35 59
30 55 29 55
77 83 75 81
18 36 17 35
46 72 69 71
29 57 29 57
49 58 47 57
33 59 32 58
37 54 37 52
19 68 19 66
17 42 17 42
64 67 62 64
23 34 23 34
62 84 60 81
46 75 44 74
45 78 44 76
16 28 16 28
51 54 50 52
25 28 24 28
29 31 28 34
25 55 25 54
54 75 52 75
26 57 26 56
19 83 19 81
36 51 34 50
29 42 29 41
19 65 62 65
12 32 12 32
16 31 16 30
61 71 60 68
60 80 59 79
39 73 38 72
17 43 41 43
30 69 30 67
20 74 20 72
24 61 24 60
73 82 70 70
17 82 17 80
43 76 42 75
