23 35 23 34
18 57 18 56
55 57 55 55
67 69 66 66
60 80 59 78
23 79 23 77
13 51 13 50
21 41 21 40
46 52 45 50
48 60 47 59
37 82 36 80
25 27 25 27
67 82 65 80
59 75 58 73
41 66 40 65
58 64 57 63
25 37 25 36
21 62 21 61
24 80 24 78
40 58 39 57
33 37 33 36
45 52 44 51
30 60 30 59
18 21 18 21
17 33 17 33
52 74 51 72
12 71 12 69
75 76 74 74
13 14 13 17
16 33 16 33
35 59 34 58
50 65 49 64
25 63 25 62
19 38 19 37
14 54 14 53
57 66 56 65
39 61 38 60
47 84 46 82
22 63 22 62
52 56 51 55
15 23 15 23
43 59 42 58
64 80 63 78
64 65 63 63
30 64 30 63
57 61 56 60
51 80 50 78
30 85 30 83
37 77 36 75
37 68 36 66
38 67 37 65
72 74 71 71
42 82 41 80
26 59 26 58
29 77 29 75
12 80 12 78
37 46 36 45
29 41 29 40
46 57 45 56
20 77 20 75
13 30 13 30
21 59 21 58
33 52 33 51
51 67 50 65
39 39 38 42
58 65 57 64
45 52 44 51
19 78 19 76
55 80 54 78
26 30 26 30
69 71 68 68
49 82 48 80
48 77 47 75
53 82 52 80
25 67 25 65
32 85 32 83
67 85 65 83
19 23 19 23
31 47 31 46
25 45 25 44
37 84 36 82
36 67 35 65
26 80 26 78
26 64 26 63
60 78 59 76
25 43 25 42
20 39 20 38
27 55 27 54
30 43 30 42
48 60 47 59
38 64 37 63
48 71 47 69
48 70 47 68
15 30 15 30
45 46 45 45
23 36 23 35
55 61 54 60
24 69 24 67
37 48 36 47
25 71 25 69
