23 35 22 34
15 38 15 37
44 66 43 65
20 41 20 40
28 80 28 78
30 57 29 56
39 62 38 62
35 73 35 72
28 56 28 55
16 58 16 57
39 60 38 59
36 66 35 65
40 45 40 45
68 79 67 78
27 49 26 48
39 42 38 41
67 72 65 65
18 83 18 82
51 59 50 58
33 34 33 33
45 62 45 61
28 42 28 41
22 51 21 50
51 62 50 50
15 21 15 21
35 49 34 48
42 53 41 52
31 62 31 61
41 44 40 43
31 36 31 35
39 53 38 51
46 72 45 69
53 76 52 75
39 48 38 47
68 71 66 66
31 85 31 84
51 55 49 53
31 61 31 59
12 57 12 55
53 84 52 82
34 53 34 52
74 76 70 72
45 48 44 47
46 81 46 80
21 28 20 28
57 74 56 72
27 65 27 64
55 66 53 65
44 84 44 82
59 79 58 77
23 29 23 29
36 56 36 54
23 54 22 52
13 60 13 59
24 52 24 51
33 40 33 39
19 49 19 48
19 72 18 71
21 46 21 46
48 71 47 69
22 75 22 73
51 54 50 53
58 59 58 62
17 64 17 63
13 45 13 45
50 77 49 76
41 85 41 83
22 26 22 26
34 76 33 73
14 84 14 82
58 64 57 63
71 79 72 77
32 45 30 44
37 55 36 55
19 68 19 66
54 63 53 61
13 80 13 79
12 17 12 17
54 79 53 77
19 39 19 38
22 49 22 48
21 34 21 34
58 84 57 81
32 82 32 80
70 76 68 74
57 63 56 61
67 67 66 66
72 80 71 78
35 44 34 44
29 44 28 44
25 75 25 74
30 69 30 66
81 85 81 83
67 80 66 79
76 82 75 79
61 73 60 71
23 53 23 51
45 56 44 55
21 77 75 77
14 54 14 53
