23 35 23 34
28 83 28 82
28 39 28 38
53 53 52 56
40 54 39 53
28 81 28 80
48 51 46 50
54 77 52 76
44 68 43 67
13 83 13 81
15 55 15 54
60 61 59 59
38 75 37 73
45 59 44 57
72 78 70 76
12 84 12 82
52 70 51 68
44 49 43 48
46 66 45 65
33 77 33 75
40 80 39 79
33 65 33 64
31 62 31 61
54 72 53 70
44 51 44 50
27 27 27 30
50 53 49 52
66 83 65 82
15 23 15 23
56 73 55 71
69 80 68 79
66 81 65 79
30 66 30 65
79 85 77 83
37 41 37 41
66 81 65 79
19 26 19 26
28 64 28 63
41 70 40 69
16 59 16 58
12 34 12 32
52 75 51 72
34 52 34 50
18 85 18 83
61 80 59 78
33 60 33 59
64 74 62 73
62 76 60 74
48 82 47 79
53 59 52 58
66 78 65 76
29 69 28 67
18 79 18 77
18 45 18 44
16 83 16 82
13 39 13 39
22 54 22 53
77 78 75 75
16 48 16 47
43 84 42 81
75 79 74 77
45 60 44 59
52 75 51 72
39 61 38 60
21 59 21 57
33 83 33 80
40 70 39 68
12 70 12 69
45 63 45 61
29 53 28 52
23 65 23 63
60 62 59 59
48 48 47 51
40 57 39 55
32 60 32 58
30 37 30 36
52 73 50 72
38 81 38 79
57 80 56 79
77 83 75 81
38 72 37 70
27 51 27 50
49 57 49 56
44 82 44 81
29 54 29 53
36 79 35 76
26 73 26 71
50 57 49 55
23 65 23 64
52 78 51 76
16 25 16 25
27 55 27 54
27 85 27 82
42 58 41 56
17 22 17 22
30 60 29 59
28 45 28 44
43 79 42 78
15 37 15 36
66 80 66 79
