23 35 23 34
26 83 26 81
47 70 46 68
32 46 32 45
57 81 56 79
24 71 24 69
24 70 24 68
24 30 24 30
26 51 26 50
28 81 28 80
51 74 50 72
38 50 37 49
60 70 59 68
18 59 18 58
28 71 28 69
73 84 71 81
17 48 17 47
67 76 65 74
29 67 29 65
32 35 32 34
34 42 33 41
15 49 15 48
66 77 65 75
63 77 62 75
30 30 30 33
74 75 73 73
75 85 73 83
21 23 21 26
57 66 55 65
14 71 14 69
14 54 14 53
12 47 12 46
57 74 56 72
48 80 47 78
54 67 53 66
49 76 48 74
33 62 33 61
44 46 44 49
53 59 52 58
20 61 20 60
35 65 34 64
49 66 48 65
25 48 25 47
36 63 35 62
22 72 22 70
46 75 45 73
51 75 49 73
45 85 44 83
21 36 21 35
27 46 27 46
28 32 28 32
15 49 15 48
34 64 34 63
18 41 18 40
13 77 13 75
36 83 35 81
28 69 28 67
26 28 26 28
53 75 52 73
14 76 14 74
52 77 51 76
74 77 74 74
30 45 30 44
31 45 31 44
31 42 31 41
46 81 45 79
14 18 14 18
30 82 30 80
37 47 36 46
38 50 37 49
66 76 65 74
40 65 39 64
23 40 23 39
24 75 24 73
36 55 35 54
44 47 43 46
68 81 66 79
15 45 15 44
36 74 35 72
16 29 16 29
25 42 25 41
26 85 26 82
45 50 44 48
19 44 19 43
25 28 25 28
14 75 14 73
52 65 51 63
28 67 28 65
27 64 27 63
41 43 41 41
13 58 13 57
20 40 20 39
40 62 39 60
17 54 17 53
35 57 34 56
58 74 57 72
16 64 16 63
40 50 39 49
44 80 43 78
16 27 16 27
